%YAML:1.0
---
T_ee_cam: !!opencv-matrix
   rows: 4
   cols: 4
   dt: d
   data: [ -9.8224160048805742e-01, -1.2833360024991181e-01,
       -1.3686462405442371e-01, 1.3670945216303729e-02,
       1.0562689451906673e-01, -9.8113419991839368e-01,
       1.6192171227621005e-01, -1.8034859416232629e-01,
       -1.5506255971360836e-01, 1.4458965661096307e-01,
       9.7726630647758028e-01, -9.6210830897435016e-03, 0., 0., 0., 1. ]
camera_frame: raw_left_optical
ee_frame: moveo_chain_ee
num_poses: 17
residual_mm: 1.4465477458877058e+02
residual_deg: 1.7838073331009703e+01
