%YAML:1.0
---
image_width: 1280
image_height: 960
square_size_mm: 2.3250000000000000e+01
board_inner_cols: 8
board_inner_rows: 6
baseline_mm: 5.9953470313952955e+01
rms_left: 6.5245569615126908e-01
rms_right: 7.3661869745630260e-01
rms_stereo: 9.9230865864397710e-01
epipolar_mean_px: 1.4869053363800049e+00
K1: !!opencv-matrix
   rows: 3
   cols: 3
   dt: d
   data: [ 8.4972280359774345e+02, 0., 6.9643590261964243e+02, 0.,
       8.4896368690301415e+02, 5.0356793232264278e+02, 0., 0., 1. ]
D1: !!opencv-matrix
   rows: 1
   cols: 5
   dt: d
   data: [ -3.9964124329750023e-01, 1.8929284277988445e-01,
       -3.0227544969984194e-04, -5.5313694228798448e-04,
       -5.0237348742840131e-02 ]
K2: !!opencv-matrix
   rows: 3
   cols: 3
   dt: d
   data: [ 8.6176740900941309e+02, 0., 6.9105087817882145e+02, 0.,
       8.6229216127550490e+02, 5.0326764387284544e+02, 0., 0., 1. ]
D2: !!opencv-matrix
   rows: 1
   cols: 5
   dt: d
   data: [ -3.9509831703774306e-01, 1.7016581024217636e-01,
       2.3577958124074513e-04, 1.8101936719135302e-04,
       -3.7359925473539835e-02 ]
R: !!opencv-matrix
   rows: 3
   cols: 3
   dt: d
   data: [ 9.9999112615266939e-01, -2.2547571857521056e-03,
       3.5586073047342028e-03, 2.1946067763354816e-03,
       9.9985617344259980e-01, 1.6817137979423677e-02,
       -3.5960140451993185e-03, -1.6809179003003424e-02,
       9.9985224917696303e-01 ]
T: !!opencv-matrix
   rows: 3
   cols: 1
   dt: d
   data: [ -5.9773896929993327e+01, 3.6218593228027779e-01,
       4.6226258597284762e+00 ]
E: !!opencv-matrix
   rows: 3
   cols: 3
   dt: d
   data: [ -1.1447271735677233e-02, -4.6280490515329911e+00,
       2.8439308210038516e-01, 4.4076370663557780e+00,
       -1.0151730320776009e+00, 5.9781515397677275e+01,
       -4.9336291754815143e-01, -5.9764483214842109e+01,
       -1.0065147497438316e+00 ]
F: !!opencv-matrix
   rows: 3
   cols: 3
   dt: d
   data: [ 2.1613445277344745e-08, 8.7459727700484358e-06,
       -4.8755100161057613e-03, -8.3169379751674797e-06,
       1.9172814362014073e-06, -9.1025410716197339e-02,
       4.9734565791078262e-03, 9.0320437696950681e-02, 1. ]
R1: !!opencv-matrix
   rows: 3
   cols: 3
   dt: d
   data: [ 9.9725994782755545e-01, -6.9922043913798288e-03,
       -7.3645811399771166e-02, 7.6145889203558933e-03,
       9.9993760264221543e-01, 8.1736685590178704e-03,
       7.3584064134535887e-02, -8.7120548602412085e-03,
       9.9725096420387427e-01 ]
R2: !!opencv-matrix
   rows: 3
   cols: 3
   dt: d
   data: [ 9.9700478749571497e-01, -6.0411170593404383e-03,
       -7.7103557734383626e-02, 5.3889917314371817e-03,
       9.9994795379961121e-01, -8.6630514305807323e-03,
       7.7151879294950335e-02, 8.2215933155156094e-03,
       9.9698545271463812e-01 ]
P1: !!opencv-matrix
   rows: 3
   cols: 4
   dt: d
   data: [ 1.0940577433415863e+03, 0., 6.4058731842041016e+02, 0., 0.,
       1.0940577433415863e+03, 4.7404244613647461e+02, 0., 0., 0., 1.,
       0. ]
P2: !!opencv-matrix
   rows: 3
   cols: 4
   dt: d
   data: [ 1.0940577433415863e+03, 0., 6.4058731842041016e+02,
       -6.5592558437180152e+04, 0., 1.0940577433415863e+03,
       4.7404244613647461e+02, 0., 0., 0., 1., 0. ]
Q: !!opencv-matrix
   rows: 4
   cols: 4
   dt: d
   data: [ 1., 0., 0., -6.4058731842041016e+02, 0., 1., 0.,
       -4.7404244613647461e+02, 0., 0., 0., 1.0940577433415863e+03, 0.,
       0., 1.6679601610438726e-02, 0. ]
