%YAML:1.0
---
image_width: 1280
image_height: 960
square_size_mm: 23.25
board_inner_cols: 8
board_inner_rows: 6
baseline_mm: 59.234973260694623
rms_left: 0.41297196550322518
rms_right: 0.39592156561676167
rms_stereo: 0.4659492910752443
epipolar_mean_px: 0.30533444881439209
K1: !!opencv-matrix
   rows: 3
   cols: 3
   dt: d
   data: [ 850.55134440243717, 0., 706.63537971202561, 0.,
       851.4076267552191, 506.78792102392538, 0., 0., 1. ]
D1: !!opencv-matrix
   rows: 1
   cols: 5
   dt: d
   data: [ -0.41702490987693475, 0.2235991677978654,
       6.9530651136353325e-05, -0.00078050717085515007,
       -0.071623812075045049 ]
K2: !!opencv-matrix
   rows: 3
   cols: 3
   dt: d
   data: [ 854.37326170081803, 0., 700.39445267390295, 0.,
       855.12764200687184, 510.83198887827172, 0., 0., 1. ]
D2: !!opencv-matrix
   rows: 1
   cols: 5
   dt: d
   data: [ -0.40975351321773373, 0.19906980071929561,
       -0.00023864635265590314, -0.00073135161108914596,
       -0.053515286718942637 ]
R: !!opencv-matrix
   rows: 3
   cols: 3
   dt: d
   data: [ 0.99997971903023508, -0.0039386909337977517,
       -0.0050048218689745854, 0.0039308015263234243,
       0.99999101789606248, -0.0015852212961047236,
       0.0050110206118913854, 0.0015655161848380532, 0.99998621932079756 ]
T: !!opencv-matrix
   rows: 3
   cols: 1
   dt: d
   data: [ -59.233237567553836, -0.31504432125373305,
       0.32614649558446918 ]
E: !!opencv-matrix
   rows: 3
   cols: 3
   dt: d
   data: [ -0.0028607107301102551, -0.32663677308661099,
       -0.31452296535855689, 0.62295885537732465, 0.091446001847114461,
       59.230788988195208, 0.082203831209760506, -59.233946390669317,
       0.092321048920609758 ]
F: !!opencv-matrix
   rows: 3
   cols: 3
   dt: d
   data: [ -1.1669009886663709e-08, -1.3310309021526405e-06,
       -0.00040842549573402536, 2.5388446622828524e-06,
       3.7230981662746083e-07, 0.2033342374465526,
       -0.0010022665555049588, -0.20548297244835426, 1. ]
R1: !!opencv-matrix
   rows: 3
   cols: 3
   dt: d
   data: [ 0.99994373339649634, 0.0013713096101328147,
       -0.010519009032688108, -0.0013794679654192115,
       0.99999875334028232, -0.00076836580714895891,
       0.010517942251647823, 0.00078283320980333413, 0.99994437848460183 ]
R2: !!opencv-matrix
   rows: 3
   cols: 3
   dt: d
   data: [ 0.99997069816959061, 0.0053185526034976813,
       -0.0055059786074217994, -0.005314280478071848, 0.9999855668625991,
       0.00079024647221972511, 0.0055101021063082472,
       -0.00076096300192546817, 0.99998452973537932 ]
P1: !!opencv-matrix
   rows: 3
   cols: 4
   dt: d
   data: [ 1315.0623880247076, 0., 414.67340850830078, 0., 0.,
       1315.0623880247076, 274.88273620605469, 0., 0., 0., 1., 0. ]
P2: !!opencv-matrix
   rows: 3
   cols: 4
   dt: d
   data: [ 1315.0623880247076, 0., 414.67340850830078,
       -77897.685390788785, 0., 1315.0623880247076, 274.88273620605469,
       0., 0., 0., 1., 0. ]
Q: !!opencv-matrix
   rows: 4
   cols: 4
   dt: d
   data: [ 1., 0., 0., -414.67340850830078, 0., 1., 0.,
       -274.88273620605469, 0., 0., 0., 1315.0623880247076, 0., 0.,
       0.016881918653005454, 0. ]
