%YAML:1.0
---
image_width: 1280
image_height: 960
square_size_mm: 23.25
board_inner_cols: 8
board_inner_rows: 6
baseline_mm: 59.257470500920597
rms_left: 0.53796760824104028
rms_right: 0.62825518613379994
rms_stereo: 0.67460877907903705
epipolar_mean_px: 0.26048463582992554
K1: !!opencv-matrix
   rows: 3
   cols: 3
   dt: d
   data: [ 852.6165842012698, 0., 702.33681679776601, 0.,
       852.46520264789126, 501.50956307388446, 0., 0., 1. ]
D1: !!opencv-matrix
   rows: 1
   cols: 5
   dt: d
   data: [ -0.41202842710170573, 0.22808184126658887,
       -0.00047047881322589415, -0.0010865439929117638,
       -0.082696624537636418 ]
K2: !!opencv-matrix
   rows: 3
   cols: 3
   dt: d
   data: [ 857.70698535420252, 0., 693.94827557504641, 0.,
       857.34938824440678, 504.49305082952696, 0., 0., 1. ]
D2: !!opencv-matrix
   rows: 1
   cols: 5
   dt: d
   data: [ -0.40810109946099504, 0.20656596719541662,
       -0.00013423270307158646, 8.8472292731332653e-05,
       -0.061067592892108682 ]
R: !!opencv-matrix
   rows: 3
   cols: 3
   dt: d
   data: [ 0.99994442730463218, -0.0029546268569310931,
       0.010119905263761388, 0.0029375200124120409, 0.99999423219309302,
       0.0017048626698527431, -0.010124884127133639,
       -0.0016750405018029124, 0.9999473390937792 ]
T: !!opencv-matrix
   rows: 3
   cols: 1
   dt: d
   data: [ -59.243209573013566, -0.18068914149732926, 1.2873542984017965 ]
E: !!opencv-matrix
   rows: 3
   cols: 3
   dt: d
   data: [ -0.001952172393928226, -1.2870442115605385,
       -0.18287438852961344, 0.6874521244072842, -0.10303842707603938,
       59.253117675450746, 0.0066509863944646044, -59.243401738610423,
       -0.099172979449150142 ]
F: !!opencv-matrix
   rows: 3
   cols: 3
   dt: d
   data: [ 9.3214898140746189e-09, 6.1466395150463005e-06,
       -0.0023446296834615738, -3.2839060626890086e-06,
       4.9229406840275253e-07, -0.23927155799506039,
       0.0016230000931284777, 0.23816017100172826, 1. ]
R1: !!opencv-matrix
   rows: 3
   cols: 3
   dt: d
   data: [ 0.99993269807771967, 0.00013167777406255436,
       -0.011600947201676202, -0.00012177959142986071,
       0.99999962799152009, 0.00085392420772481884, 0.011601055328864357,
       -0.00085245397837372782, 0.99993234212994209 ]
R2: !!opencv-matrix
   rows: 3
   cols: 3
   dt: d
   data: [ 0.99975933957716245, 0.0030492213044182202,
       -0.021724759553851156, -0.0030677569495081657, 0.9999949582802764,
       -0.00081992763511817303, 0.021722149882889338,
       0.00088637659308453995, 0.99976365334062867 ]
P1: !!opencv-matrix
   rows: 3
   cols: 4
   dt: d
   data: [ 1001.2699077001762, 0., 628.87572479248047, 0., 0.,
       1001.2699077001762, 432.06897354125977, 0., 0., 0., 1., 0. ]
P2: !!opencv-matrix
   rows: 3
   cols: 4
   dt: d
   data: [ 1001.2699077001762, 0., 628.87572479248047,
       -59332.722019002678, 0., 1001.2699077001762, 432.06897354125977,
       0., 0., 0., 1., 0. ]
Q: !!opencv-matrix
   rows: 4
   cols: 4
   dt: d
   data: [ 1., 0., 0., -628.87572479248047, 0., 1., 0.,
       -432.06897354125977, 0., 0., 0., 1001.2699077001762, 0., 0.,
       0.016875509392262438, 0. ]
